image: map_fablab.pgm
resolution: 0.050000
origin: [-39.860974, -18.084143, 0.000000]
negate: 0
occupied_thresh: 0.65
free_thresh: 0.196

